7827
6163
1427
872
8700
3032
7142
8827
9254
1875
4610
6895
5930
9228
3484
5339
7989
250
9351
2166
2152
6580
245
7424
8353
9150
176
6937
209
1300
9785
8563
8830
3420
7129
1082
3687
3288
2660
3306
8510
888
9960
4380
8733
4003
8537
3998
4744
2141
9425
1527
3915
3363
9734
2297
7824
2257
6379
9601
2696
7379
5682
1612
8391
562
1358
8450
6502
8146
8324
4995
3390
7840
5297
3306
4227
9005
2136
2452
8024
2670
3369
9875
7081
2521
983
2602
8190
5549
1815
1602
5799
3348
4292
9651
5667
1476
5050
3567
5911
863
7049
1181
8657
170
2783
6310
105
4290
7137
7362
3887
4330
3603
9420
347
37
3034
8849
8613
3194
5971
797
667
2923
7021
9945
8240
3437
3904
598
2487
1857
8289
6859
6896
7492
1451
5613
7963
6073
2423
184
6194
292
7214
3559
7726
5678
3064
3245
5042
4472
7930
9555
4520
6195
2712
1200
8311
321
8878
2384
849
6045
1728
9198
8182
764
4978
2286
9633
9129
9801
9303
8301
8446
2454
3456
5588
3662
7543
7341
9530
9142
2825
8329
8806
4201
1837
2040
6979
769
2455
5488
6947
6346
8663
4143
9062
9873
6955
7074
1469
4041
4813
1770
2285
3829
5055
1667
62
8729
3308
2842
9881
7679
3948
5146
4605
8357
3288
8383
6278
2438
8456
5359
8253
3314
7180
3121
3242
5770
440
2131
2283
8678
4534
1265
3331
4696
3337
4009
160
1996
5253
6278
3691
7954
2530
7158
3055
8971
5884
2653
2263
4232
6880
6139
8239
9768
2926
2425
7138
3252
5303
8826
7202
2988
8533
3512
145
3260
6285
786
9984
8693
3298
2374
9754
5612
1663
6231
5832
5744
9346
9147
7240
5045
8710
4490
7010
5430
2587
4297
1295
7033
5449
77
1597
8523
9054
9614
3315
1200
7649
8923
6597
8928
2667
810
6110
8452
8159
4588
4378
5462
3452
1698
7826
3111
5306
5510
8091
5063
384
8910
5018
8836
7494
419
6564
5877
4291
5069
4112
3451
5647
8530
1008
7049
5266
8146
1616
3821
9743
3851
8615
1997
3773
5631
5463
6089
4398
2019
1427
1399
4049
8470
3551
8151
982
5019
2517
9658
1972
601
6369
8257
8367
2786
5327
4287
7553
1601
5065
2917
5638
7176
6843
3072
8636
7908
901
1018
4603
5887
8707
8152
4267
4607
9020
3209
5705
5416
6406
5264
9941
1582
9759
5349
5261
3263
2486
5011
375
7037
5223
6236
5280
123
1001
4545
2502
3184
5565
4603
5086
6185
8467
7059
7923
611
4183
4642
5550
5241
5967
1671
9920
8679
3311
5174
6513
5641
3213
6148
4520
4285
4617
4992
7656
9411
9678
2937
5360
5222
3875
5266
5965
9605
4860
271
420
5347
1971
8995
5001
6738
8216
7540
209
8366
4355
2953
8313
493
9341
3480
5982
7573
2993
1615
6659
1396
6011
4003
105
9509
9728
3090
8678
1624
6725
4062
3082
9274
2840
3576
7893
2935
7081
8184
8303
9140
8674
2341
7464
5526
4743
6431
6940
59
6051
6511
9241
6597
6232
5248
3700
7378
5725
9284
5500
6378
5353
2647
4254
5137
3273
4410
4606
2119
4268
2641
8422
3591
2423
6284
9036
1731
9328
2038
9712
1884
9968
1186
9858
7017
542
6482
729
2887
6424
980
7472
3689
9362
3106
4986
2281
5703
3731
775
107
6414
8965
2611
9001
80
9707
1861
4250
6774
8753
9467
9729
4207
7065
5887
3617
6735
5926
8511
2130
6823
835
9932
1045
739
9956
5823
6415
7741
7626
9171
8569
9445
4979
4717
719
167
5844
4474
2130
8255
1882
6189
2437
6426
3448
5759
6214
6761
6770
848
8368
4208
4158
8361
9561
3107
9075
7496
8791
7150
4854
3863
9919
2665
2202
6388
1081
6578
2368
205
4600
4102
1258
4677
5196
6887
2412
8910
5442
115
3321
7086
3614
6656
303
400
3412
6373
4503
1656
2764
2053
356
5967
1989
3076
3157
5236
7857
6583
799
4501
7982
578
988
9789
7307
4827
8912
2248
829
154
3119
5593
9292
2916
5910
9908
5525
2789
8855
3254
3080
360
8397
9206
6621
70
4469
2672
4140
5768
2720
2462
8411
8538
6707
6898
2787
7486
7772
7959
5576
8061
1126
9517
762
329
481
661
4563
6326
2097
7320
6392
4430
897
164
4063
5018
1576
5200
1892
646
2778
8536
4659
4338
9700
7873
9211
6310
8038
8341
1513
3114
409
1910
900
8532
3587
122
7558
3309
7464
1858
4010
4928
1481
3491
9993
4411
2701
4710
6779
7772
1227
393
5957
834
2792
7134
9339
5124
5661
5677
4726
5769
7339
5457
4451
2268
4269
6405
2469
6453
8465
285
2143
6747
6920
5875
3069
7117
7561
3803
3683
4847
2045
1931
2135
5034
471
9161
1355
6952
8310
1425
966
6345
548
7589
452
5502
3209
6
3877
2895
1691
5289
2150
3852
4970
9843
4067
1489
4985
5065
7327
8276
1629
2210
4091
6484
3457
7061
8839
8591
2782
2177
3374
8620
6540
1473
2664
9543
3619
8164
8698
2795
6035
8016
4084
7139
1635
8018
3161
7349
2341
8548
8150
8431
5711
7368
4392
3237
4611
7908
1761
2955
1423
9614
7649
6670
5406
2342
6212
7394
6468
9541
1655
6169
6450
3492
2567
316
1981
1871
8077
7363
2519
950
1332
8670
6588
6031
211
9347
8646
792
1459
8857
4649
6043
8133
1996
8714
6712
4779
9549
7815
6524
2269
895
1585
7716
1566
2834
4267
2741
1570
2060
8453
8655
9106
9819
3188
9006
3349
9200
9266
8443
7127
1295
2293
3330
9109
3704
7941
1150
8291
5135
3244
3995
2073
7164
8182
2183
7882
9019
6419
113
2481
5794
397
5784
8006
1935
3266
870
2584
5146
8231
1066
7249
7941
4706
4843
9094
5184
5559
8154
4208
392
1075
1245
7038
7117
2228
2987
2438
7823
3009
3983
1628
6702
1543
6523
1279
8317
1693
1826
1960
8274
8851
442
9452
326
7499
8995
392
3260
9955
5773
8105
2524
9587
1217
5945
2794
3863
5165
1211